2 4 8
3 4 0.014184397163120567 5 0.0070921985815602835 6 0.0070921985815602835
2 3 8
1 3 0.75
2 3 5
1 3 0.2923076923076923
2 8 5
1 8 0.015151515151515152
2 6 8
2 4 0.041666666666666664 6 0.08333333333333333
2 4 5
5 4 0.02628696604600219 5 0.00985761226725082 6 0.001095290251916758 8 0.001095290251916758 9 0.00547645125958379
2 9 4
6 4 0.12160228898426323 5 0.001430615164520744 6 0.002861230329041488 7 0.001430615164520744 8 0.002861230329041488 9 0.005722460658082976
2 7 7
1 4 0.125
2 7 5
3 4 0.024096385542168676 5 0.024096385542168676 8 0.012048192771084338
2 8 7
2 7 0.03333333333333333 8 0.03333333333333333
2 5 5
2 4 0.013215859030837006 5 0.00881057268722467
2 6 6
1 4 0.1111111111111111
2 7 6
3 4 0.06666666666666667 7 0.016666666666666666 8 0.016666666666666666
2 6 3
1 3 0.14457831325301207
2 9 7
2 4 0.0196078431372549 9 0.00980392156862745
2 6 4
4 4 0.10144927536231885 5 0.014492753623188406 6 0.021739130434782608 7 0.007246376811594203
1 9
4 4 0.02693602693602694 6 0.001122334455667789 8 0.001122334455667789 9 1.0
2 9 6
3 4 0.025423728813559324 6 0.01694915254237288 9 0.01694915254237288
2 4 4
5 4 0.173866090712743 5 0.011879049676025918 6 0.0064794816414686825 7 0.0032397408207343412 9 0.0183585313174946
2 2 4
1 2 0.024390243902439025
2 3 7
1 3 0.125
2 8 8
3 5 0.022727272727272728 6 0.022727272727272728 8 0.11363636363636365
2 8 4
2 4 0.09375 8 0.010416666666666666
2 7 4
4 4 0.13392857142857142 5 0.03571428571428571 6 0.008928571428571428 7 0.026785714285714284
1 8
5 4 0.05555555555555555 5 0.009259259259259259 6 0.009259259259259259 8 1.0 9 0.009259259259259259
2 8 6
2 4 0.03333333333333333 8 0.03333333333333333
2 6 7
3 4 0.03571428571428571 5 0.011904761904761904 9 0.011904761904761904
2 9 5
6 4 0.004679855349925548 5 0.0008508827908955541 6 0.0006381620931716655 7 0.00021272069772388852 8 0.0034035311635822164 9 0.0006381620931716655
2 9 9
2 4 0.012987012987012988 9 0.0021645021645021645
2 4 9
5 4 0.06521739130434782 5 0.019021739130434784 6 0.008152173913043478 7 0.002717391304347826 9 0.06521739130434782
1 7
2 4 0.04878048780487805 7 1.0
1 1
1 1 1.0
1 6
4 4 0.08536585365853659 6 1.0 8 0.012195121951219513 9 0.012195121951219513
2 3 6
1 3 1.0
2 5 9
5 4 0.014634146341463414 5 0.014634146341463414 6 0.014634146341463414 7 0.004878048780487805 9 0.004878048780487805
1 2
1 2 1.0
2 6 5
3 4 0.012987012987012988 5 0.008658008658008658 6 0.004329004329004329
2 6 9
1 9 0.03389830508474576
2 4 6
5 4 0.09917355371900827 5 0.03305785123966942 6 0.01652892561983471 7 0.01652892561983471 9 0.024793388429752067
1 4
6 4 1.0 5 0.046511627906976744 6 0.013565891472868217 7 0.007751937984496124 8 0.011627906976744186 9 0.046511627906976744
1 5
3 4 0.02693602693602694 5 1.0 8 0.001122334455667789
2 7 3
1 3 0.08823529411764705
2 8 9
2 4 0.0125 9 0.17500000000000002
1 3
1 3 1.0
2 2 5
1 2 0.006369426751592357
2 7 9
1 9 0.015151515151515152
2 5 6
3 4 0.07142857142857142 5 0.04285714285714286 6 0.02857142857142857
2 5 7
2 4 0.05555555555555555 5 0.037037037037037035
2 5 8
2 4 0.01098901098901099 5 0.16483516483516486
2 5 4
5 4 0.2109004739336493 5 0.05450236966824645 6 0.007109004739336493 7 0.009478672985781991 9 0.009478672985781991
2 3 9
1 3 0.42857142857142855
2 4 7
5 4 0.06557377049180328 5 0.0273224043715847 6 0.00546448087431694 7 0.02185792349726776 9 0.01092896174863388
2 2 9
1 2 0.0625
