4 6 5 9 9
1 9 0.043478260869565216
3 6 4 4
4 4 0.0846774193548387 5 0.016129032258064516 6 0.016129032258064516 9 0.012096774193548387
3 9 4 7
2 4 0.011811023622047244 7 0.007874015748031496
4 4 4 5 4
5 4 0.14890800794176043 5 0.01257445400397088 6 0.00727994705493051 7 0.005956320317670417 9 0.004632693580410324
4 9 5 6 9
4 4 0.002638522427440633 5 0.002638522427440633 6 0.002638522427440633 9 0.002638522427440633
3 6 5 9
1 9 0.05454545454545454
2 9 5
6 4 0.004679855349925548 5 0.0008508827908955541 6 0.0006381620931716655 7 0.00021272069772388852 8 0.0034035311635822164 9 0.0006381620931716655
4 7 4 6 9
1 7 0.05
4 5 5 4 6
2 4 0.08536585365853659 5 0.07317073170731708
2 9 7
2 4 0.0196078431372549 9 0.00980392156862745
4 3 8 9 5
1 3 0.7000000000000001
4 6 4 7 9
3 6 0.017857142857142856 7 0.017857142857142856 9 0.03571428571428571
2 5 4
5 4 0.2109004739336493 5 0.05450236966824645 6 0.007109004739336493 7 0.009478672985781991 9 0.009478672985781991
4 4 6 5 7
2 6 0.00909090909090909 7 0.00909090909090909
3 9 6 4
3 4 0.04221635883905013 6 0.0079155672823219 9 0.002638522427440633
4 5 4 9 5
5 4 0.004755434782608696 5 0.007472826086956522 6 0.0020380434782608695 7 0.0020380434782608695 9 0.002717391304347826
4 7 9 5 4
6 4 0.05144694533762058 5 0.006430868167202572 6 0.003215434083601286 7 0.01607717041800643 8 0.003215434083601286 9 0.00964630225080386
4 6 9 7 6
1 7 0.023255813953488372
4 4 5 9 9
4 4 0.03305785123966942 5 0.008264462809917356 6 0.008264462809917356 9 0.04132231404958678
4 7 5 9 4
1 4 0.02564102564102564
4 9 5 9 6
2 4 0.018518518518518517 6 0.010582010582010581
2 4 5
5 4 0.02628696604600219 5 0.00985761226725082 6 0.001095290251916758 8 0.001095290251916758 9 0.00547645125958379
4 7 4 7 9
1 9 0.027777777777777776
4 4 4 9 7
5 4 0.008771929824561403 5 0.008771929824561403 6 0.006578947368421052 7 0.0021929824561403508 9 0.010964912280701754
3 4 4 8
1 5 0.004405286343612335
4 8 8 5 9
1 9 0.09090909090909091
2 5 7
2 4 0.05555555555555555 5 0.037037037037037035
2 8 6
2 4 0.03333333333333333 8 0.03333333333333333
2 3 6
1 3 1.0
4 9 6 7 9
2 7 0.008064516129032258 9 0.016129032258064516
3 8 7 6
1 8 0.030303030303030304
4 7 9 5 5
2 5 0.004273504273504274 7 0.004273504273504274
4 9 9 5 9
2 8 0.0014727540500736377 9 0.0029455081001472753
4 7 9 5 8
3 4 0.0196078431372549 5 0.0196078431372549 7 0.0196078431372549
2 6 8
2 4 0.041666666666666664 6 0.08333333333333333
4 4 6 4 7
2 6 0.007194244604316547 7 0.02158273381294964
4 4 5 6 4
2 4 0.0446927374301676 5 0.0111731843575419
4 5 9 4 6
2 5 0.018518518518518517 9 0.018518518518518517
4 4 4 4 6
4 4 0.02564102564102564 5 0.010256410256410256 6 0.01282051282051282 7 0.002564102564102564
4 3 7 6 8
1 3 1.0
4 4 4 9 6
3 4 0.01680672268907563 6 0.025210084033613446 9 0.021008403361344536
4 9 5 9 9
3 4 0.007308160779537149 6 0.0036540803897685747 9 0.001218026796589525
3 9 9 9
2 4 0.006711409395973154 9 0.013422818791946308
4 6 7 7 6
1 9 0.5
4 5 6 4 9
3 4 0.008333333333333333 6 0.016666666666666666 7 0.016666666666666666
4 9 5 6 4
4 4 0.01690391459074733 5 0.0008896797153024911 6 0.0035587188612099642 9 0.0008896797153024911
4 5 6 4 5
1 4 0.008
3 4 4 9
5 4 0.01675977653631285 5 0.002793296089385475 6 0.008379888268156424 7 0.002793296089385475 9 0.019553072625698324
4 5 8 5 6
1 5 0.42857142857142855
4 7 4 5 4
4 4 0.16 5 0.033846153846153845 7 0.015384615384615385 9 0.006153846153846154
4 9 5 7 9
3 4 0.0036101083032490976 5 0.0036101083032490976 9 0.010830324909747294
4 4 4 5 7
3 4 0.015625 5 0.010416666666666666 7 0.010416666666666666
4 6 9 7 9
2 7 0.041666666666666664 9 0.041666666666666664
4 8 4 9 5
3 4 0.005305039787798408 7 0.002652519893899204 9 0.002652519893899204
4 6 5 5 9
2 4 0.03773584905660377 9 0.018867924528301886
4 3 8 9 9
1 3 0.5
4 6 9 5 5
2 4 0.017857142857142856 6 0.007653061224489796
4 7 7 4 5
1 5 0.046875
3 6 5 5
2 4 0.02027027027027027 5 0.006756756756756757
4 5 6 5 8
2 5 0.037037037037037035 8 0.037037037037037035
4 6 7 4 3
1 3 0.08247422680412371
4 3 9 9 5
1 3 0.15789473684210525
4 4 4 9 9
2 6 0.0018867924528301887 9 0.007547169811320755
3 7 3 5
1 3 0.016666666666666666
3 4 4 7
5 4 0.02495201535508637 5 0.013435700575815739 6 0.0019193857965451055 7 0.005758157389635317 8 0.0019193857965451055
4 9 6 5 7
2 4 0.0038314176245210726 6 0.0038314176245210726
4 3 7 9 5
1 3 0.375
4 4 4 4 7
6 4 0.026680896478121666 5 0.008537886872998933 6 0.0032017075773746 7 0.010672358591248666 8 0.0021344717182497333 9 0.0021344717182497333
3 9 4 9
3 4 0.008097165991902834 6 0.004048582995951417 9 0.012145748987854251
4 5 4 5 7
3 4 0.03658536585365854 5 0.03658536585365854 7 0.024390243902439025
4 4 7 8 9
2 5 0.038461538461538464 6 0.038461538461538464
4 4 4 5 5
2 4 0.005856515373352855 5 0.005856515373352855
4 3 5 5 8
1 3 1.0
4 7 7 4 4
3 4 0.1111111111111111 5 0.015873015873015872 9 0.015873015873015872
4 8 4 5 5
1 9 0.0070921985815602835
4 5 6 5 9
2 5 0.10526315789473684 9 0.05263157894736842
4 5 9 9 9
1 9 0.08823529411764705
4 7 6 4 9
3 4 0.009708737864077669 6 0.009708737864077669 9 0.009708737864077669
4 6 8 9 5
1 6 0.00980392156862745
4 5 9 9 5
4 4 0.0022346368715083797 6 0.0022346368715083797 7 0.0033519553072625698 9 0.0022346368715083797
4 6 4 5 4
3 4 0.1286549707602339 5 0.04678362573099415 6 0.029239766081871343
4 8 5 4 9
1 4 0.03125
3 5 5 6
2 4 0.04 5 0.12
3 7 6 5
2 6 0.007575757575757576 7 0.022727272727272728
4 8 9 5 6
1 9 0.008403361344537815
4 7 4 9 5
4 4 0.02040816326530612 6 0.00510204081632653 7 0.00510204081632653 9 0.00510204081632653
4 6 9 7 4
1 4 0.008333333333333333
1 5
3 4 0.02693602693602694 5 1.0 8 0.001122334455667789
4 4 6 6 5
1 4 0.0625
4 8 9 7 5
1 4 0.007518796992481203
3 4 6 7
5 4 0.013071895424836602 5 0.0196078431372549 7 0.0196078431372549 8 0.006535947712418301 9 0.006535947712418301
4 7 6 4 5
1 4 0.013245033112582781
4 9 4 4 7
2 4 0.01889763779527559 7 0.004724409448818898
3 6 4 6
3 4 0.07692307692307693 6 0.057692307692307696 9 0.038461538461538464
3 5 4 7
3 4 0.006802721088435374 5 0.061224489795918366 7 0.006802721088435374
4 5 8 5 4
2 4 0.06896551724137931 5 0.10344827586206896
4 5 9 5 8
3 4 0.006756756756756757 5 0.02027027027027027 8 0.006756756756756757
4 7 4 4 9
3 4 0.016853932584269662 6 0.011235955056179775 9 0.02247191011235955
4 4 8 6 9
1 9 0.07142857142857142
3 3 9 5
1 3 0.5213675213675214
4 9 5 9 5
6 4 0.0022505626406601653 5 0.0006251562890722682 6 0.00037509377344336085 7 0.00012503125781445363 8 0.00037509377344336085 9 0.0007501875468867217
4 7 5 7 4
2 4 0.09090909090909091 5 0.09090909090909091
4 7 9 4 6
3 4 0.043478260869565216 6 0.043478260869565216 7 0.043478260869565216
4 5 5 4 4
2 4 0.06086956521739131 5 0.020289855072463767
4 9 4 9 6
1 9 0.009174311926605505
3 7 4 7
3 4 0.03278688524590164 5 0.03278688524590164 9 0.01639344262295082
2 6 4
4 4 0.10144927536231885 5 0.014492753623188406 6 0.021739130434782608 7 0.007246376811594203
4 6 7 5 6
1 6 0.07407407407407407
4 6 9 4 6
3 4 0.03571428571428571 6 0.03571428571428571 7 0.03571428571428571
4 5 5 4 9
2 5 0.037037037037037035 7 0.012345679012345678
4 9 4 5 5
4 4 0.0006901311249137336 6 0.0006901311249137336 7 0.0013802622498274672 9 0.0006901311249137336
4 7 4 7 7
1 4 0.125
2 4 4
5 4 0.173866090712743 5 0.011879049676025918 6 0.0064794816414686825 7 0.0032397408207343412 9 0.0183585313174946
3 6 7 5
2 4 0.007633587786259542 9 0.007633587786259542
4 7 3 5 9
1 3 0.03333333333333333
4 8 4 5 9
1 9 0.05
4 7 4 9 9
1 9 0.05
3 5 6 5
2 4 0.00975609756097561 5 0.004878048780487805
4 4 7 6 8
2 4 0.006711409395973154 5 0.006711409395973154
4 4 5 5 7
1 5 0.016666666666666666
4 5 4 9 9
3 4 0.005319148936170213 6 0.005319148936170213 9 0.047872340425531915
4 5 4 5 9
3 4 0.008771929824561403 5 0.02631578947368421 7 0.008771929824561403
4 9 6 4 9
2 4 0.014925373134328358 9 0.009950248756218905
4 5 6 9 4
3 4 0.014285714285714285 5 0.014285714285714285 6 0.02857142857142857
4 7 9 6 5
3 4 0.011627906976744186 6 0.005813953488372093 7 0.01744186046511628
4 6 7 9 4
3 4 0.015873015873015872 6 0.015873015873015872 7 0.007936507936507936
4 4 9 9 4
2 4 0.06315789473684211 7 0.010526315789473684
3 9 7 9
1 9 0.014814814814814815
3 8 8 9
1 9 0.13793103448275862
2 4 6
5 4 0.09917355371900827 5 0.03305785123966942 6 0.01652892561983471 7 0.01652892561983471 9 0.024793388429752067
4 4 7 6 5
2 4 0.004246284501061571 5 0.004246284501061571
4 8 4 8 9
1 9 0.05
4 8 6 7 6
1 9 0.037037037037037035
4 9 7 6 9
3 4 0.025423728813559324 6 0.00847457627118644 9 0.00847457627118644
4 8 9 5 4
2 4 0.006993006993006993 9 0.006993006993006993
4 5 4 7 6
3 4 0.07228915662650603 5 0.0783132530120482 6 0.006024096385542169
4 6 7 7 4
1 6 0.05714285714285714
3 4 4 5
4 4 0.02087994034302759 5 0.0022371364653243847 7 0.0014914243102162564 9 0.005965697240865026
4 9 4 7 6
3 4 0.05416666666666667 6 0.008333333333333333 9 0.008333333333333333
3 9 5 6
5 4 0.015180265654648957 5 0.003795066413662239 6 0.011385199240986717 8 0.0018975332068311196 9 0.003795066413662239
4 6 6 9 7
1 4 0.058823529411764705
4 7 9 9 6
1 7 0.5
3 3 8 9
1 3 0.5
4 6 7 7 9
1 9 0.125
2 5 8
2 4 0.01098901098901099 5 0.16483516483516486
4 4 6 6 9
1 6 0.08333333333333333
4 6 4 5 5
1 6 0.014705882352941176
2 6 9
1 9 0.03389830508474576
4 5 7 5 8
1 5 0.25
4 9 4 6 4
2 4 0.01779359430604982 5 0.0035587188612099642
4 5 4 9 3
1 3 0.06199021207177814
4 5 6 8 4
1 5 0.05
4 5 9 9 4
1 4 0.022727272727272728
4 9 6 4 4
2 4 0.026888604353393086 6 0.0038412291933418692
4 4 5 9 4
2 4 0.053475935828877004 6 0.0053475935828877
4 4 4 6 7
3 4 0.016574585635359115 7 0.011049723756906077 9 0.011049723756906077
3 5 8 8
1 5 0.10526315789473684
4 4 7 8 4
2 4 0.0625 7 0.0625
4 4 6 5 4
3 4 0.040293040293040296 5 0.014652014652014652 7 0.010989010989010988
4 6 7 4 9
2 4 0.008620689655172414 9 0.017241379310344827
4 7 5 6 7
1 9 0.08823529411764705
4 6 4 4 4
4 4 0.06531531531531531 5 0.0022522522522522522 6 0.024774774774774775 9 0.009009009009009009
4 9 4 4 6
3 4 0.018604651162790697 6 0.004651162790697674 9 0.009302325581395349
4 7 6 6 9
1 9 0.1
4 4 8 6 8
1 6 0.14285714285714285
4 9 4 6 6
1 6 0.04
4 5 5 7 6
1 5 0.04878048780487805
4 5 7 9 4
2 4 0.01680672268907563 5 0.025210084033613446
4 3 9 5 7
1 3 0.13333333333333333
4 5 5 8 4
1 9 0.023809523809523808
4 4 9 6 9
1 9 0.02459016393442623
4 7 6 5 6
1 6 0.05
4 5 9 4 7
3 4 0.029411764705882353 5 0.044117647058823525 7 0.014705882352941176
4 5 7 7 4
3 4 0.047619047619047616 5 0.09523809523809523 6 0.047619047619047616
2 4 8
3 4 0.014184397163120567 5 0.0070921985815602835 6 0.0070921985815602835
3 5 9 4
4 4 0.013333333333333332 5 0.017777777777777778 6 0.008888888888888889 7 0.0044444444444444444
3 6 4 5
1 4 0.013071895424836602
4 6 5 4 6
1 4 0.05128205128205128
4 4 7 9 5
5 4 0.014684287812041116 5 0.002936857562408223 6 0.0014684287812041115 7 0.0007342143906020558 8 0.0007342143906020558
4 5 8 8 4
1 4 0.07692307692307693
4 9 4 9 4
3 4 0.05089820359281438 5 0.0014970059880239522 6 0.0014970059880239522
4 6 5 6 7
3 4 0.05084745762711865 5 0.05084745762711865 6 0.03389830508474576
4 9 5 7 4
3 4 0.05 5 0.009375000000000001 6 0.003125
4 7 6 9 4
3 4 0.14705882352941177 5 0.014705882352941176 7 0.014705882352941176
3 4 6 9
1 9 0.022222222222222223
4 4 8 4 8
2 4 0.02040816326530612 6 0.02040816326530612
4 9 8 6 4
1 5 0.034482758620689655
4 7 5 4 7
4 4 0.023809523809523808 5 0.023809523809523808 7 0.023809523809523808 9 0.023809523809523808
4 9 9 5 5
6 4 0.0008558712769599452 5 0.0008558712769599452 6 0.00017117425539198904 7 0.0006846970215679561 8 0.000513522766175967 9 0.0008558712769599452
4 5 4 4 9
5 4 0.02366863905325444 5 0.015779092702169626 6 0.01183431952662722 7 0.009861932938856016 9 0.009861932938856016
3 6 3 8
1 3 0.2
4 5 6 9 6
1 4 0.25
4 4 8 8 7
1 8 0.07142857142857142
4 5 5 8 8
1 5 0.045454545454545456
4 5 6 7 4
3 4 0.04516129032258064 5 0.03225806451612903 6 0.0064516129032258064
1 1
1 1 1.0
4 4 4 9 5
5 4 0.006690684508492023 5 0.002058672156459084 6 0.0028306742151312406 7 0.0007720020586721565 9 0.0018013381369016985
4 6 5 7 7
2 5 0.1111111111111111 9 0.1111111111111111
4 5 6 7 6
3 4 0.0273972602739726 5 0.0136986301369863 6 0.0136986301369863
3 8 4 8
2 4 0.02564102564102564 7 0.02564102564102564
4 5 4 3 5
1 3 0.1724137931034483
4 6 6 5 9
1 4 0.2
3 7 4 9
2 6 0.02531645569620253 9 0.0379746835443038
4 4 6 4 4
5 4 0.10666666666666667 5 0.0016666666666666668 6 0.0016666666666666668 7 0.0033333333333333335 9 0.023333333333333334
3 6 6 9
1 6 0.2
4 5 5 5 8
1 5 0.05
4 6 5 9 5
1 9 0.005376344086021506
4 8 6 4 6
1 9 0.034482758620689655
3 8 4 7
1 4 0.021739130434782608
4 9 4 4 5
4 4 0.005605381165919282 5 0.0005605381165919282 6 0.0011210762331838565 9 0.0011210762331838565
4 4 6 5 8
1 5 0.02564102564102564
4 7 5 4 4
4 4 0.04294478527607362 5 0.018404907975460124 6 0.006134969325153374 7 0.018404907975460124
2 6 6
1 4 0.1111111111111111
3 5 4 5
2 4 0.0032520325203252032 5 0.008130081300813007
3 5 6 4
3 4 0.04225352112676056 5 0.02112676056338028 7 0.007042253521126761
4 4 7 7 9
3 6 0.07142857142857142 7 0.07142857142857142 9 0.14285714285714285
2 7 5
3 4 0.024096385542168676 5 0.024096385542168676 8 0.012048192771084338
4 5 8 5 9
1 4 0.045454545454545456
4 4 6 7 5
1 7 0.007042253521126761
4 4 4 6 9
3 4 0.008064516129032258 6 0.016129032258064516 9 0.04032258064516129
4 5 4 4 5
3 4 0.005875440658049354 5 0.004700352526439483 7 0.0023501762632197414
4 7 9 5 6
4 4 0.029850746268656716 5 0.014925373134328358 6 0.029850746268656716 9 0.014925373134328358
4 8 4 4 9
1 9 0.03571428571428571
4 5 8 4 5
2 5 0.015151515151515152 9 0.007575757575757576
3 7 6 9
2 7 0.018518518518518517 9 0.12962962962962962
4 7 6 4 7
3 4 0.03125 5 0.015625 7 0.015625
4 6 4 4 9
4 4 0.0053475935828877 5 0.0053475935828877 6 0.0106951871657754 9 0.0213903743315508
4 4 4 5 6
1 4 0.07246376811594203
4 4 7 5 4
2 4 0.018587360594795536 5 0.0037174721189591076
4 7 5 4 5
2 4 0.02027027027027027 6 0.006756756756756757
4 8 6 9 5
3 4 0.006802721088435374 8 0.006802721088435374 9 0.013605442176870748
3 4 5 6
1 4 0.023529411764705882
3 7 5 4
3 4 0.06578947368421052 5 0.05263157894736842 7 0.013157894736842105
3 4 5 9
4 4 0.02631578947368421 5 0.005263157894736842 7 0.005263157894736842 9 0.010526315789473684
4 9 7 6 7
2 4 0.008130081300813009 8 0.008130081300813009
4 7 6 9 9
1 9 0.045454545454545456
4 8 9 5 5
3 4 0.006269592476489028 8 0.003134796238244514 9 0.006269592476489028
4 6 8 7 9
1 5 0.5
3 4 7 8
2 4 0.018867924528301886 5 0.018867924528301886
4 8 6 8 7
1 4 0.25
4 8 7 6 9
1 9 0.030303030303030304
4 4 5 7 6
1 4 0.024096385542168676
4 3 9 5 9
1 3 0.41666666666666663
4 4 6 4 8
1 4 0.006896551724137931
4 4 9 5 9
3 4 0.018092105263157895 7 0.003289473684210526 9 0.004934210526315789
4 8 7 4 8
1 7 0.05555555555555555
4 5 9 5 9
2 4 0.0038095238095238095 9 0.015238095238095238
4 8 6 4 9
1 9 0.014925373134328358
4 7 9 5 9
2 5 0.006289308176100629 9 0.01886792452830189
4 5 9 6 7
2 4 0.0196078431372549 5 0.029411764705882353
3 6 5 4
2 4 0.09950248756218905 5 0.03482587064676617
4 4 4 4 9
5 4 0.014400000000000001 5 0.0032 6 0.0088 7 0.0008 9 0.0152
4 5 9 5 4
5 4 0.0380952380952381 5 0.010714285714285714 6 0.004761904761904762 7 0.0011904761904761906 9 0.005952380952380953
4 9 8 8 9
2 6 0.07142857142857142 9 0.07142857142857142
4 5 7 7 5
1 7 0.125
4 8 4 4 6
2 4 0.02 9 0.02
4 5 6 9 5
2 4 0.012 6 0.02
3 7 3 8
1 3 0.5
4 6 7 5 4
2 4 0.06956521739130435 6 0.017391304347826087
4 4 5 8 4
1 4 0.014925373134328358
4 5 7 5 6
1 4 0.058823529411764705
4 9 9 4 9
1 9 0.011764705882352941
4 3 5 9 7
1 3 0.5
4 6 5 4 4
4 4 0.055882352941176466 5 0.01764705882352941 6 0.0058823529411764705 9 0.0029411764705882353
4 9 7 9 8
1 8 0.05555555555555555
4 6 4 9 6
2 6 0.03225806451612903 9 0.06451612903225806
3 4 4 4
5 4 0.10959715639810427 5 0.007701421800947868 6 0.004739336492890996 7 0.002369668246445498 9 0.009478672985781991
4 6 9 5 3
1 3 0.12
2 9 9
2 4 0.012987012987012988 9 0.0021645021645021645
4 4 6 9 4
3 4 0.1504424778761062 7 0.008849557522123894 9 0.04424778761061947
4 6 5 5 6
1 5 0.058823529411764705
4 4 6 9 6
1 6 0.25
4 7 5 6 4
3 4 0.05555555555555555 5 0.018518518518518517 6 0.05555555555555555
4 9 9 9 4
1 4 0.08333333333333333
4 7 9 4 5
2 4 0.005649717514124294 9 0.005649717514124294
4 6 9 4 9
2 4 0.043478260869565216 9 0.021739130434782608
3 3 7 6
1 3 0.8
3 5 7 4
3 4 0.06779661016949153 5 0.09322033898305085 9 0.00847457627118644
4 8 8 5 6
1 9 0.14285714285714285
4 9 7 4 9
2 4 0.013071895424836602 6 0.006535947712418301
2 7 9
1 9 0.015151515151515152
3 7 9 3
1 3 0.008152173913043478
4 7 7 6 7
1 4 0.06666666666666667
3 5 9 5
4 4 0.001589825119236884 5 0.1343402225755167 6 0.000794912559618442 7 0.001589825119236884
4 5 7 6 4
4 4 0.020689655172413793 5 0.013793103448275862 7 0.006896551724137931 9 0.006896551724137931
4 4 9 4 9
4 4 0.018324607329842934 6 0.002617801047120419 7 0.002617801047120419 9 0.005235602094240838
4 8 4 7 6
2 4 0.019230769230769232 9 0.038461538461538464
4 5 5 5 6
1 4 0.16666666666666666
4 5 7 8 9
1 5 0.18181818181818182
2 7 4
4 4 0.13392857142857142 5 0.03571428571428571 6 0.008928571428571428 7 0.026785714285714284
3 5 8 6
1 4 0.058823529411764705
3 9 9 5
5 4 0.0040923706518561824 5 0.00029231218941829873 6 0.00029231218941829873 8 0.001169248757673195 9 0.011107863197895352
3 6 8 4
1 6 0.09090909090909091
4 4 6 4 6
3 4 0.07368421052631578 5 0.010526315789473684 6 0.010526315789473684
4 7 4 4 6
2 4 0.05084745762711865 9 0.01694915254237288
3 8 9 4
2 4 0.039603960396039604 9 0.009900990099009901
3 7 3 9
1 3 0.045454545454545456
4 4 9 5 4
6 4 0.08432934926958831 5 0.0026560424966799467 6 0.0033200531208499333 7 0.0033200531208499333 8 0.0013280212483399733 9 0.005312084993359893
3 7 5 8
1 5 0.16666666666666666
3 9 7 8
1 9 0.037037037037037035
4 6 4 5 9
2 4 0.021739130434782608 9 0.021739130434782608
4 4 8 8 4
1 9 0.022727272727272728
4 7 6 7 7
1 4 0.125
4 4 5 7 4
4 4 0.010638297872340425 5 0.005319148936170213 6 0.005319148936170213 9 0.015957446808510637
3 8 4 5
1 4 0.017341040462427744
4 6 3 9 9
1 3 0.10526315789473684
3 6 9 6
1 6 0.1111111111111111
3 7 5 6
1 5 0.1111111111111111
4 9 9 7 4
1 4 0.05343511450381679
4 7 9 4 9
2 6 0.014925373134328358 9 0.029850746268656716
4 7 4 9 7
1 5 0.07692307692307693
4 8 4 4 4
1 4 0.013986013986013986
4 3 7 6 9
1 3 0.4
4 5 8 8 5
1 7 0.038461538461538464
4 4 5 6 9
2 4 0.030303030303030304 5 0.030303030303030304
3 6 9 7
1 9 0.0425531914893617
4 4 7 6 7
5 4 0.012195121951219513 5 0.012195121951219513 6 0.012195121951219513 7 0.01829268292682927 9 0.012195121951219513
4 9 5 4 8
5 4 0.0033003300330033004 5 0.0011001100110011 6 0.0011001100110011 7 0.0011001100110011 8 0.0011001100110011
4 4 5 9 3
1 3 0.012618296529968454
4 6 7 6 3
1 3 0.1
4 4 9 3 8
1 3 0.0625
4 8 9 9 5
2 4 0.002506265664160401 7 0.002506265664160401
4 7 4 6 6
2 4 0.25 5 0.25
4 4 7 4 5
3 4 0.013530135301353014 6 0.0012300123001230013 9 0.006150061500615006
4 7 8 9 5
1 7 0.10526315789473684
4 4 4 5 9
4 4 0.023346303501945526 5 0.007782101167315175 6 0.0038910505836575876 9 0.0311284046692607
4 5 5 9 3
1 3 0.0196078431372549
4 9 5 8 9
4 4 0.010309278350515464 5 0.003436426116838488 6 0.003436426116838488 9 0.006872852233676976
4 9 7 6 4
2 4 0.020253164556962026 6 0.002531645569620253
4 7 4 4 4
4 4 0.10199556541019955 5 0.013303769401330377 6 0.004434589800443459 7 0.004434589800443459
4 4 7 8 8
1 5 0.03571428571428571
4 5 5 5 4
1 5 0.013333333333333334
4 6 9 5 4
2 4 0.07540983606557378 6 0.029508196721311476
3 6 6 5
1 4 0.2
4 9 5 5 7
3 4 0.0035460992907801418 5 0.0035460992907801418 7 0.0070921985815602835
3 5 6 3
1 3 0.16326530612244897
4 3 5 5 7
1 3 0.16666666666666666
4 6 7 6 6
1 5 0.0625
3 4 9 9
2 6 0.003952569169960474 9 0.02766798418972332
4 5 4 9 6
4 4 0.047058823529411764 5 0.03529411764705882 6 0.07058823529411765 9 0.058823529411764705
4 6 8 9 9
1 9 0.14285714285714285
4 7 6 4 6
4 4 0.041666666666666664 5 0.020833333333333332 7 0.020833333333333332 9 0.020833333333333332
4 6 7 9 7
1 4 0.045454545454545456
3 5 5 4
3 4 0.09583333333333333 5 0.0625 9 0.004166666666666667
4 9 5 8 4
3 4 0.025547445255474453 5 0.0036496350364963502 9 0.010948905109489052
3 6 9 4
2 4 0.09523809523809523 6 0.06349206349206349
4 7 4 4 7
4 4 0.06722689075630252 5 0.06722689075630252 7 0.01680672268907563 9 0.008403361344537815
4 9 5 5 5
3 4 0.0017582417582417582 5 0.003076923076923077 7 0.00043956043956043956
3 7 6 8
2 7 0.030303030303030304 8 0.030303030303030304
4 4 7 4 4
4 4 0.08476394849785408 5 0.013948497854077254 7 0.002145922746781116 9 0.008583690987124463
2 8 7
2 7 0.03333333333333333 8 0.03333333333333333
4 4 6 7 7
1 5 0.1111111111111111
3 4 6 5
3 4 0.006557377049180328 6 0.003278688524590164 7 0.013114754098360656
4 4 6 5 5
2 5 0.007142857142857143 7 0.007142857142857143
4 4 7 9 9
3 4 0.019230769230769232 5 0.019230769230769232 9 0.038461538461538464
3 5 9 7
3 4 0.044117647058823525 5 0.029411764705882353 8 0.014705882352941176
4 9 6 4 5
1 4 0.005190311418685121
4 7 7 4 7
1 4 0.10526315789473684
4 6 6 4 4
1 4 0.045454545454545456
4 9 9 4 5
1 4 0.0028169014084507044
3 4 8 4
3 4 0.009615384615384616 8 0.009615384615384616 9 0.009615384615384616
4 4 7 9 7
2 4 0.022222222222222223 9 0.044444444444444446
4 6 7 9 5
5 4 0.013020833333333332 5 0.005208333333333333 6 0.0026041666666666665 7 0.0026041666666666665 9 0.0026041666666666665
4 5 8 4 9
2 4 0.022222222222222223 9 0.022222222222222223
4 4 6 9 7
2 5 0.03389830508474576 7 0.01694915254237288
3 7 7 4
3 4 0.037037037037037035 5 0.037037037037037035 9 0.037037037037037035
4 6 9 5 9
2 6 0.02631578947368421 9 0.013157894736842105
2 7 7
1 4 0.125
4 5 9 5 3
1 3 0.08571428571428572
4 5 6 7 7
2 4 0.25 5 0.25
1 9
4 4 0.02693602693602694 6 0.001122334455667789 8 0.001122334455667789 9 1.0
3 8 9 7
1 9 0.027777777777777776
4 4 7 7 5
1 7 0.07894736842105263
3 9 8 6
1 9 0.047619047619047616
4 6 9 5 8
2 4 0.018518518518518517 9 0.037037037037037035
4 4 9 5 5
4 4 0.008357915437561456 6 0.0009832841691248771 8 0.0004916420845624386 9 0.0009832841691248771
3 6 3 5
1 3 0.11363636363636365
4 7 8 4 4
2 4 0.07692307692307693 7 0.07692307692307693
4 4 4 7 5
2 4 0.004081632653061225 7 0.006122448979591837
4 4 5 4 6
3 4 0.07719298245614035 5 0.010526315789473684 6 0.017543859649122806
4 4 9 7 5
3 4 0.003430531732418525 5 0.005145797598627787 7 0.0017152658662092624
4 5 4 9 4
3 4 0.10398230088495575 5 0.017699115044247787 9 0.004424778761061947
3 4 9 6
2 4 0.009523809523809525 9 0.04761904761904762
4 5 7 6 8
1 5 0.07692307692307693
4 9 9 5 4
5 4 0.05260831122900088 5 0.0008841732979664014 6 0.0008841732979664014 8 0.0008841732979664014 9 0.0008841732979664014
4 9 9 5 7
3 4 0.008746355685131196 5 0.0029154518950437317 7 0.0029154518950437317
4 6 8 8 4
1 9 0.1
4 7 6 4 4
2 4 0.059907834101382486 5 0.013824884792626727
4 5 9 5 7
1 5 0.021739130434782608
3 5 6 9
3 5 0.018867924528301886 6 0.018867924528301886 9 0.03773584905660377
4 6 3 5 8
1 3 0.2
3 4 4 6
5 4 0.02702702702702703 5 0.02702702702702703 6 0.010810810810810811 7 0.010810810810810811 9 0.010810810810810811
4 5 9 4 9
4 4 0.019230769230769232 5 0.019230769230769232 6 0.01282051282051282 9 0.01282051282051282
4 6 4 7 7
2 5 0.07692307692307693 9 0.07692307692307693
4 6 4 4 7
3 4 0.008771929824561403 5 0.03508771929824561 9 0.008771929824561403
3 4 7 9
5 4 0.017045454545454544 5 0.005681818181818182 6 0.011363636363636364 7 0.011363636363636364 9 0.011363636363636364
4 6 4 7 6
2 4 0.05084745762711865 6 0.11864406779661017
4 7 9 4 7
2 4 0.15789473684210525 7 0.02631578947368421
4 7 7 9 5
1 7 0.022988505747126436
4 5 9 6 4
2 4 0.009302325581395349 5 0.009302325581395349
4 9 9 4 7
1 4 0.043478260869565216
4 7 5 7 6
1 5 0.25
4 6 9 4 5
2 4 0.013888888888888888 9 0.013888888888888888
3 5 5 7
3 4 0.03333333333333333 5 0.06666666666666667 7 0.03333333333333333
4 4 5 5 8
1 4 0.01020408163265306
4 5 4 8 4
1 5 0.030927835051546393
4 6 7 6 5
2 4 0.021505376344086023 7 0.005376344086021506
4 9 5 5 6
2 5 0.022222222222222223 9 0.0044444444444444444
4 6 4 9 4
3 4 0.07189542483660132 5 0.013071895424836602 6 0.026143790849673203
4 5 9 4 8
1 5 0.012345679012345678
4 8 9 5 7
2 7 0.012987012987012988 8 0.012987012987012988
4 9 9 6 6
1 6 0.5
4 5 9 4 4
5 4 0.029850746268656716 5 0.03731343283582089 6 0.004975124378109453 7 0.004975124378109453 9 0.004975124378109453
3 5 5 8
1 5 0.07547169811320754
3 9 4 5
3 4 0.009819967266775777 5 0.0008183306055646482 8 0.0016366612111292963
4 4 6 9 5
3 4 0.0072992700729927005 5 0.0018248175182481751 9 0.016423357664233577
4 4 9 3 5
1 3 0.0022624434389140274
3 9 5 4
6 4 0.1501236312257153 5 0.00282585658777817 6 0.0021193924408336277 7 0.00035323207347227127 8 0.0007064641469445425 9 0.0010596962204168139
4 5 4 7 7
2 4 0.13333333333333333 5 0.06666666666666667
4 6 7 6 7
3 4 0.020833333333333332 5 0.020833333333333332 9 0.020833333333333332
4 4 9 6 4
4 4 0.03753351206434316 5 0.002680965147453083 6 0.005361930294906166 9 0.013404825737265416
4 9 7 7 4
1 9 0.031746031746031744
4 7 3 8 9
1 3 0.5
4 5 9 3 8
1 3 0.08695652173913043
4 6 9 6 7
1 4 0.08333333333333333
4 7 4 5 6
2 4 0.07407407407407407 9 0.037037037037037035
4 5 7 9 9
1 9 0.0625
3 5 4 4
5 4 0.11255411255411256 5 0.027417027417027416 6 0.002886002886002886 7 0.007215007215007215 9 0.01443001443001443
3 5 4 6
3 4 0.04424778761061947 5 0.02654867256637168 6 0.008849557522123894
3 5 4 3
1 3 0.2087912087912088
4 5 4 6 9
2 5 0.012048192771084338 9 0.12048192771084337
4 4 9 3 6
1 3 0.1
4 5 8 9 7
2 4 0.04 5 0.04
3 7 5 9
1 5 0.034482758620689655
4 4 5 9 7
1 6 0.02631578947368421
4 5 5 9 9
2 5 0.0425531914893617 9 0.14893617021276595
4 4 7 6 4
5 4 0.11314475873544093 5 0.004991680532445923 6 0.0033277870216306157 7 0.004991680532445923 9 0.0033277870216306157
4 5 6 3 5
1 3 0.14705882352941177
4 7 9 6 4
2 4 0.05 6 0.01
4 4 7 9 3
1 3 0.008464328899637243
3 4 9 5
5 4 0.02501302761855133 5 0.001563314226159458 6 0.004689942678478374 7 0.0010422094841063053 9 0.007295466388744137
4 6 5 8 8
1 9 0.1
4 4 9 7 6
3 4 0.05 5 0.004166666666666667 9 0.008333333333333333
4 9 7 4 6
1 7 0.020833333333333332
3 7 9 4
4 4 0.08108108108108109 5 0.009009009009009009 6 0.009009009009009009 8 0.009009009009009009
4 4 9 7 7
2 4 0.08 7 0.04
3 6 7 6
4 4 0.02702702702702703 6 0.13513513513513514 8 0.013513513513513514 9 0.013513513513513514
3 8 4 6
1 9 0.037037037037037035
4 7 7 5 4
2 4 0.2 9 0.05
4 9 5 4 4
6 4 0.07365104371799922 5 0.0013784954706577393 6 0.0017723513194170932 7 0.000984639621898385 8 0.0007877116975187081 9 0.000984639621898385
4 4 9 4 5
4 4 0.007106598984771574 5 0.0020304568527918783 6 0.0010152284263959391 9 0.003045685279187817
4 6 9 7 5
1 6 0.004807692307692308
2 6 3
1 3 0.16923076923076924
3 4 8 7
2 6 0.125 8 0.125
3 5 7 6
2 4 0.05172413793103448 5 0.1896551724137931
4 4 5 8 9
3 4 0.014705882352941176 6 0.014705882352941176 9 0.044117647058823525
4 4 8 4 4
1 4 0.02072538860103627
3 9 5 7
3 4 0.0025974025974025974 5 0.005194805194805195 7 0.015584415584415584
4 6 9 4 4
2 4 0.06474820143884892 6 0.014388489208633094
4 8 8 4 5
2 4 0.013157894736842105 7 0.013157894736842105
3 5 9 3
1 3 0.021739130434782608
4 4 6 5 6
2 4 0.0392156862745098 6 0.058823529411764705
3 4 7 4
3 4 0.1044776119402985 5 0.022388059701492536 9 0.009950248756218905
4 8 8 9 5
3 6 0.005208333333333333 8 0.005208333333333333 9 0.005208333333333333
4 9 6 7 4
3 4 0.009259259259259259 6 0.001851851851851852 9 0.001851851851851852
4 5 5 5 7
1 5 0.125
4 5 9 3 5
1 3 0.022935779816513763
4 9 9 4 4
2 4 0.08266666666666667 9 0.005333333333333333
3 7 9 9
2 7 0.03333333333333333 9 0.1
4 4 5 8 8
2 4 0.038461538461538464 5 0.01282051282051282
4 5 4 5 5
1 4 0.002457002457002457
4 4 5 5 4
4 4 0.03724928366762178 5 0.0057306590257879654 6 0.0057306590257879654 7 0.007163323782234957
4 5 6 5 7
2 4 0.0196078431372549 7 0.0196078431372549
4 8 8 9 4
3 4 0.06666666666666667 6 0.03333333333333333 9 0.03333333333333333
3 7 6 7
2 4 0.03571428571428571 7 0.05357142857142857
4 4 7 7 4
2 4 0.06060606060606061 5 0.045454545454545456
4 5 6 6 4
1 5 0.07692307692307693
3 7 6 6
3 4 0.07142857142857142 5 0.07142857142857142 8 0.07142857142857142
4 5 6 5 4
2 4 0.03773584905660378 5 0.05660377358490566
4 4 8 4 9
2 4 0.025974025974025976 9 0.03896103896103896
4 5 8 7 6
1 5 0.05263157894736842
4 4 5 5 6
2 4 0.03389830508474576 5 0.01694915254237288
4 7 4 6 7
2 4 0.023809523809523808 9 0.023809523809523808
4 4 5 6 5
1 6 0.004464285714285714
3 8 4 9
2 4 0.038461538461538464 9 0.038461538461538464
4 3 5 9 9
1 3 1.0
4 9 5 4 9
5 4 0.007345225603357817 5 0.0005246589716684155 6 0.002623294858342078 7 0.001049317943336831 9 0.004197271773347324
3 7 9 5
4 4 0.005221932114882507 7 0.010443864229765013 8 0.0026109660574412533 9 0.0026109660574412533
3 6 6 4
2 4 0.05555555555555555 6 0.05555555555555555
4 5 9 7 4
1 4 0.08823529411764705
2 6 7
3 4 0.03571428571428571 5 0.011904761904761904 9 0.011904761904761904
4 5 7 6 6
2 4 0.07692307692307693 5 0.07692307692307693
4 3 9 5 6
1 3 1.0
3 4 6 6
2 4 0.037037037037037035 5 0.037037037037037035
4 6 5 6 4
2 4 0.04672897196261682 5 0.018691588785046728
4 7 7 6 5
1 7 0.037037037037037035
4 7 7 6 4
2 4 0.25 5 0.08333333333333333
4 5 7 9 3
1 3 0.034858387799564274
4 5 7 9 6
2 4 0.05405405405405406 5 0.1891891891891892
2 5 5
2 4 0.013215859030837006 5 0.00881057268722467
4 4 9 4 6
4 4 0.046875 5 0.0078125 6 0.0234375 9 0.015625
4 9 5 5 9
5 4 0.0065420560747663555 5 0.005607476635514019 6 0.001869158878504673 8 0.0009345794392523365 9 0.005607476635514019
4 6 3 9 5
1 3 0.23931623931623935
4 9 4 6 9
3 4 0.0380952380952381 6 0.009523809523809525 9 0.009523809523809525
3 5 9 6
3 4 0.04838709677419355 5 0.016129032258064516 9 0.03225806451612903
4 5 5 4 7
2 5 0.011764705882352941 7 0.047058823529411764
4 6 4 9 7
2 6 0.047619047619047616 9 0.023809523809523808
4 7 9 4 4
5 4 0.0913978494623656 5 0.005376344086021506 6 0.005376344086021506 7 0.010752688172043012 9 0.010752688172043012
4 6 5 8 9
1 9 0.07142857142857142
4 5 8 8 9
1 5 0.041666666666666664
4 6 3 5 5
1 3 0.16666666666666666
4 5 7 7 9
1 7 0.25
4 7 5 8 9
1 4 0.2
4 5 9 3 7
1 3 0.02702702702702703
4 5 6 7 9
1 7 0.05172413793103448
1 4
6 4 1.0 5 0.046511627906976744 6 0.013565891472868217 7 0.007751937984496124 8 0.011627906976744186 9 0.046511627906976744
4 6 6 7 9
2 5 0.25 6 0.25
4 5 8 6 7
1 5 0.1111111111111111
4 5 8 7 7
1 6 1.0
4 5 6 3 8
1 3 0.25
3 5 8 4
4 4 0.0625 5 0.03125 7 0.015625 9 0.015625
4 4 7 4 6
2 4 0.012658227848101266 9 0.02531645569620253
3 3 5 9
1 3 0.0625
4 7 5 4 9
2 4 0.045454545454545456 5 0.030303030303030304
4 7 3 9 9
1 3 0.09090909090909091
4 4 4 7 4
5 4 0.07283633247643531 5 0.0051413881748071984 6 0.000856898029134533 7 0.000856898029134533 9 0.011996572407883462
3 7 4 5
2 4 0.018518518518518517 6 0.004629629629629629
2 8 9
2 4 0.0125 9 0.17500000000000002
1 6
4 4 0.08536585365853659 6 1.0 8 0.012195121951219513 9 0.012195121951219513
3 8 6 7
1 7 0.030303030303030304
4 9 5 4 6
4 4 0.03103448275862069 5 0.0034482758620689655 6 0.005172413793103448 9 0.005172413793103448
4 6 5 4 9
4 4 0.03571428571428571 5 0.007142857142857143 6 0.014285714285714285 9 0.014285714285714285
4 4 4 6 5
2 5 0.002976190476190476 6 0.002976190476190476
4 7 5 6 5
2 4 0.0410958904109589 6 0.0410958904109589
3 6 8 7
1 6 0.5
4 4 5 5 5
2 4 0.003472222222222222 5 0.003472222222222222
3 6 3 7
1 3 0.1
4 5 4 6 7
2 4 0.015503875968992248 5 0.015503875968992248
4 7 6 9 5
5 4 0.028112449799196783 5 0.004016064257028112 7 0.004016064257028112 8 0.004016064257028112 9 0.004016064257028112
4 8 4 4 7
1 7 0.017543859649122806
4 7 9 9 4
1 7 0.125
3 8 7 9
1 9 0.02564102564102564
4 4 4 9 4
5 4 0.07775768535262206 5 0.0027124773960217 6 0.007233273056057866 7 0.0018083182640144665 9 0.003616636528028933
4 5 7 5 4
1 4 0.04285714285714286
4 5 7 4 4
2 4 0.04482758620689655 5 0.041379310344827586
4 6 7 6 9
1 9 0.028985507246376812
4 5 9 5 5
2 4 0.00391644908616188 7 0.0013054830287206266
3 8 9 6
1 9 0.09523809523809523
4 8 5 9 4
1 4 0.0196078431372549
4 4 5 5 9
2 4 0.015873015873015872 9 0.037037037037037035
4 4 6 7 4
5 4 0.10444444444444445 5 0.006666666666666666 6 0.0022222222222222222 7 0.0044444444444444444 9 0.017777777777777778
4 4 7 9 4
4 4 0.035 6 0.005 8 0.0025 9 0.005
4 4 9 7 8
2 4 0.05555555555555555 5 0.05555555555555555
4 4 9 5 6
4 4 0.03926701570680628 5 0.002617801047120419 6 0.005235602094240838 9 0.007853403141361258
4 5 4 9 7
3 4 0.007936507936507936 5 0.03968253968253968 7 0.007936507936507936
4 4 5 6 8
1 4 0.02564102564102564
4 9 7 5 9
1 4 0.01818181818181818
4 5 5 9 4
2 4 0.00909090909090909 5 0.02727272727272727
4 9 9 7 9
1 9 0.011904761904761904
1 7
2 4 0.04878048780487805 7 1.0
3 4 9 3
1 3 0.01020408163265306
4 9 8 4 4
1 5 0.006711409395973154
4 4 5 4 7
3 4 0.036231884057971016 5 0.004830917874396135 7 0.016908212560386472
4 6 4 9 5
4 4 0.005657708628005658 5 0.004243281471004243 6 0.002828854314002829 7 0.0014144271570014145
4 3 9 5 8
1 3 1.0
4 5 9 9 7
1 5 0.030303030303030304
4 9 7 6 5
1 4 0.005633802816901409
4 8 7 9 9
1 7 0.0625
4 9 4 7 9
2 4 0.009852216748768473 9 0.014778325123152709
4 9 4 9 9
2 4 0.0031446540880503146 9 0.006289308176100629
4 6 8 4 4
1 4 0.09523809523809523
4 9 7 8 4
1 4 0.038461538461538464
3 4 7 7
2 4 0.05 5 0.05
4 5 8 7 4
1 4 0.03225806451612903
4 4 9 5 8
2 5 0.00303951367781155 9 0.0060790273556231
4 7 6 5 4
3 4 0.022058823529411763 5 0.014705882352941176 7 0.022058823529411763
3 9 9 7
1 9 0.021052631578947368
4 6 4 6 4
2 4 0.1171875 6 0.0078125
4 4 9 5 7
4 4 0.011673151750972763 5 0.011673151750972763 6 0.007782101167315175 7 0.007782101167315175
4 6 7 4 4
3 4 0.04580152671755726 5 0.020356234096692113 6 0.02290076335877863
4 8 4 8 7
1 4 0.25
3 4 5 5
2 4 0.007936507936507936 6 0.0015873015873015873
4 5 5 7 9
3 4 0.027777777777777776 5 0.1388888888888889 9 0.027777777777777776
4 5 5 7 4
1 5 0.0410958904109589
3 4 8 6
1 8 0.07142857142857142
4 4 7 6 9
2 4 0.005291005291005291 9 0.047619047619047616
4 7 8 4 5
1 7 0.14285714285714285
4 4 9 9 9
1 9 0.009009009009009009
4 9 9 5 6
4 4 0.0033222591362126247 6 0.0016611295681063123 8 0.0016611295681063123 9 0.006644518272425249
4 7 4 7 4
3 4 0.038461538461538464 8 0.007692307692307693 9 0.007692307692307693
4 9 9 7 6
1 4 0.03571428571428571
2 8 4
2 4 0.09375 8 0.010416666666666666
2 3 7
1 3 0.14285714285714285
4 6 7 8 4
1 4 0.125
3 5 7 9
2 5 0.10638297872340426 7 0.06382978723404255
4 8 9 4 5
2 4 0.005681818181818182 9 0.005681818181818182
4 7 6 9 7
2 4 0.04 5 0.08
4 5 9 4 3
1 3 0.16216216216216217
4 5 6 6 9
1 4 0.2
4 9 4 5 8
1 8 0.006172839506172839
4 4 8 8 9
1 9 0.1111111111111111
4 5 6 3 7
1 3 0.125
4 5 4 3 9
1 3 0.058823529411764705
4 8 9 4 7
2 4 0.02 8 0.02
3 8 4 4
1 4 0.024390243902439025
4 5 5 6 9
2 5 0.1111111111111111 9 0.05555555555555555
4 3 5 7 6
1 3 0.8
4 9 8 9 4
1 5 0.022727272727272728
4 6 9 9 5
3 4 0.005681818181818182 6 0.005681818181818182 9 0.008522727272727272
4 5 5 6 4
1 7 0.027777777777777776
2 5 9
5 4 0.014634146341463414 5 0.014634146341463414 6 0.014634146341463414 7 0.004878048780487805 9 0.004878048780487805
4 8 5 4 5
1 4 0.017241379310344827
4 4 7 7 6
2 4 0.2 9 0.4
4 5 5 9 7
1 5 0.07142857142857142
4 5 7 8 8
1 5 0.1111111111111111
4 6 7 6 4
2 4 0.0797872340425532 6 0.015957446808510637
4 9 7 4 5
2 4 0.0053475935828877 5 0.0053475935828877
3 4 7 6
5 4 0.03349282296650718 5 0.019138755980861243 6 0.009569377990430622 7 0.004784688995215311 9 0.004784688995215311
4 7 4 4 5
3 4 0.0110803324099723 5 0.008310249307479225 6 0.002770083102493075
4 8 5 4 4
1 4 0.031746031746031744
4 4 9 4 4
5 4 0.10631578947368421 5 0.004210526315789474 6 0.003157894736842105 7 0.002105263157894737 9 0.010526315789473684
4 9 5 9 4
4 4 0.02567760342368046 5 0.0014265335235378032 6 0.0007132667617689016 9 0.0007132667617689016
4 6 4 6 5
4 4 0.020134228187919462 6 0.006711409395973154 7 0.006711409395973154 9 0.006711409395973154
4 6 7 4 7
2 4 0.01282051282051282 6 0.01282051282051282
4 6 9 5 6
2 4 0.0273972602739726 6 0.0136986301369863
3 4 9 4
4 4 0.12074303405572756 6 0.007739938080495357 7 0.0030959752321981426 9 0.013931888544891642
3 5 7 7
1 4 0.2
4 4 7 4 9
4 4 0.011406844106463879 6 0.0038022813688212928 7 0.0076045627376425855 9 0.022813688212927757
4 9 7 9 5
2 4 0.0032414910858995136 9 0.0032414910858995136
4 7 6 7 5
1 7 0.03488372093023256
4 5 4 5 8
1 5 0.03
4 9 9 5 8
2 5 0.002770083102493075 8 0.002770083102493075
4 4 6 7 6
3 4 0.03333333333333333 5 0.006666666666666667 7 0.013333333333333334
4 6 3 7 6
1 3 0.2
4 9 6 4 6
2 4 0.01020408163265306 7 0.01020408163265306
4 4 8 9 4
2 4 0.046511627906976744 9 0.03488372093023256
4 7 9 9 9
1 9 0.08333333333333333
4 7 4 5 7
2 4 0.014084507042253521 7 0.014084507042253521
4 5 4 7 9
4 4 0.006493506493506494 5 0.012987012987012988 6 0.006493506493506494 7 0.012987012987012988
4 6 5 8 4
1 4 0.05
3 9 5 8
3 4 0.0020833333333333333 5 0.008333333333333333 8 0.0125
4 9 5 7 6
5 4 0.0299625468164794 5 0.011235955056179775 6 0.00749063670411985 7 0.003745318352059925 8 0.003745318352059925
3 9 6 5
4 4 0.012027491408934707 6 0.005154639175257732 8 0.001718213058419244 9 0.003436426116838488
4 5 9 5 6
3 5 0.004901960784313725 6 0.004901960784313725 9 0.004901960784313725
4 5 7 4 5
2 4 0.015267175572519083 7 0.007633587786259542
3 5 8 9
5 4 0.0196078431372549 5 0.058823529411764705 6 0.0196078431372549 7 0.0196078431372549 9 0.09803921568627451
3 6 7 9
2 4 0.015873015873015872 9 0.015873015873015872
4 6 4 4 6
3 4 0.03508771929824561 5 0.017543859649122806 6 0.03508771929824561
4 4 9 3 9
1 3 0.006134969325153374
4 8 9 4 4
2 4 0.01764705882352941 9 0.0058823529411764705
4 5 6 4 4
4 4 0.0546218487394958 5 0.05042016806722689 6 0.004201680672268907 7 0.008403361344537815
4 7 3 7 6
1 3 0.3125
4 7 9 7 4
2 4 0.08333333333333333 7 0.041666666666666664
4 9 5 6 7
1 7 0.0020408163265306124
4 4 4 8 9
2 4 0.024096385542168676 9 0.060240963855421686
4 6 3 5 7
1 3 0.06666666666666667
3 8 9 5
4 4 0.008064516129032258 5 0.0020161290322580645 8 0.008064516129032258 9 0.008064516129032258
4 5 4 4 7
3 4 0.0058823529411764705 5 0.03823529411764706 7 0.0029411764705882353
4 7 5 7 9
1 5 0.25
4 8 5 9 5
2 4 0.004464285714285714 8 0.004464285714285714
4 4 7 4 8
1 5 0.008130081300813009
4 8 9 5 9
2 4 0.00558659217877095 9 0.0111731843575419
2 4 9
5 4 0.06521739130434782 5 0.019021739130434784 6 0.008152173913043478 7 0.002717391304347826 9 0.06521739130434782
4 5 6 4 6
2 4 0.03389830508474576 5 0.01694915254237288
4 5 8 9 5
3 4 0.008298755186721992 5 0.008298755186721992 9 0.008298755186721992
3 9 7 6
3 4 0.008547008547008548 5 0.008547008547008548 7 0.008547008547008548
4 4 7 4 7
3 4 0.004672897196261682 5 0.009345794392523364 7 0.004672897196261682
4 9 4 8 9
1 9 0.022988505747126436
4 9 9 4 8
1 6 0.021052631578947368
4 7 9 6 7
1 4 0.0196078431372549
4 4 5 9 5
3 4 0.007944389275074478 8 0.0019860973187686196 9 0.0009930486593843098
4 9 7 9 4
1 4 0.0048543689320388345
4 6 7 4 5
2 4 0.003194888178913738 5 0.003194888178913738
4 9 6 7 6
2 4 0.010810810810810811 7 0.005405405405405406
4 4 8 9 5
2 4 0.00909090909090909 5 0.004545454545454545
3 6 7 4
4 4 0.04597701149425287 5 0.005747126436781609 6 0.022988505747126436 8 0.005747126436781609
4 6 5 7 9
1 9 0.05555555555555555
4 5 4 7 5
1 5 0.03424657534246575
2 8 8
3 5 0.022727272727272728 6 0.022727272727272728 8 0.11363636363636365
4 7 4 7 3
1 3 0.00980392156862745
4 9 5 5 4
4 4 0.036834924965893585 5 0.007276034561164165 7 0.004092769440654843 9 0.0009095043201455207
4 4 8 7 9
1 5 0.125
4 7 7 5 6
1 9 1.0
4 8 9 5 8
1 8 0.012345679012345678
3 4 6 4
5 4 0.10465116279069767 5 0.005813953488372093 6 0.005813953488372093 7 0.005813953488372093 9 0.00872093023255814
3 3 5 5
1 3 0.28125
4 7 7 5 8
1 6 0.5
4 6 9 5 7
1 5 0.06756756756756757
3 3 9 9
1 3 0.5625
4 7 4 7 5
1 6 0.006289308176100629
1 2
1 2 1.0
3 8 5 4
1 4 0.0967741935483871
4 5 8 8 8
1 5 0.2
4 5 4 6 3
1 3 0.1038961038961039
4 6 4 7 4
3 4 0.037037037037037035 5 0.014814814814814815 6 0.02962962962962963
4 9 4 9 7
4 4 0.008264462809917356 6 0.008264462809917356 7 0.008264462809917356 9 0.01652892561983471
4 7 6 9 3
1 3 0.06451612903225806
2 7 3
1 3 0.0784313725490196
4 4 5 4 8
2 4 0.003913894324853229 5 0.005870841487279843
4 5 8 9 9
2 4 0.07142857142857142 9 0.03571428571428571
3 5 5 9
4 4 0.017391304347826087 5 0.16521739130434782 7 0.017391304347826087 9 0.008695652173913044
4 4 5 7 9
2 4 0.06976744186046512 9 0.06976744186046512
4 9 5 9 7
1 4 0.006224066390041494
4 4 4 6 4
5 4 0.0891089108910891 5 0.0039603960396039604 6 0.0019801980198019802 7 0.005940594059405941 9 0.0039603960396039604
4 4 7 5 6
1 4 0.014084507042253521
3 7 4 4
4 4 0.09411764705882353 5 0.03529411764705882 6 0.00392156862745098 7 0.00784313725490196
2 9 4
6 4 0.12160228898426323 5 0.001430615164520744 6 0.002861230329041488 7 0.001430615164520744 8 0.002861230329041488 9 0.005722460658082976
4 4 9 7 4
5 4 0.09265734265734266 5 0.0034965034965034965 6 0.0017482517482517483 7 0.0034965034965034965 9 0.015734265734265736
4 8 9 7 4
1 4 0.014705882352941176
4 6 5 7 6
2 4 0.022727272727272728 5 0.022727272727272728
4 5 8 4 4
2 4 0.03418803418803419 5 0.03418803418803419
4 6 5 7 4
3 4 0.02 5 0.01 9 0.01
3 5 4 9
5 4 0.05172413793103448 5 0.03103448275862069 6 0.017241379310344827 7 0.013793103448275862 9 0.04482758620689655
4 9 5 6 5
5 4 0.0030921459492888066 5 0.0024737167594310453 6 0.0006184291898577613 8 0.0006184291898577613 9 0.0012368583797155227
4 4 6 7 9
2 5 0.005208333333333333 7 0.005208333333333333
4 6 6 4 6
2 4 0.1111111111111111 6 0.2222222222222222
4 3 5 8 8
1 3 1.0
4 4 9 9 7
1 9 0.011363636363636364
4 8 9 4 9
2 4 0.01282051282051282 9 0.01282051282051282
4 9 5 4 5
5 4 0.0026615049600774254 5 0.0009678199854827002 6 0.0012097749818533753 8 0.0007258649891120251 9 0.0012097749818533753
3 5 6 7
1 5 0.15492957746478875
4 4 5 7 7
2 6 0.05555555555555555 9 0.05555555555555555
3 3 8 8
1 3 1.0
4 9 5 7 5
2 4 0.010526315789473684 8 0.005263157894736842
4 8 8 4 9
1 4 0.04
4 9 4 6 5
3 4 0.006355932203389831 8 0.00211864406779661 9 0.00423728813559322
4 4 8 9 9
1 9 0.03225806451612903
4 6 7 9 6
3 4 0.02631578947368421 6 0.02631578947368421 9 0.02631578947368421
4 5 8 9 4
2 5 0.047619047619047616 7 0.023809523809523808
4 6 7 5 7
1 6 0.047619047619047616
4 4 5 9 6
1 9 0.0625
4 8 8 9 7
1 5 0.058823529411764705
3 3 5 8
1 3 1.0
3 7 7 5
1 4 0.07142857142857142
4 5 6 8 9
1 5 0.125
4 4 7 5 9
1 9 0.02857142857142857
4 7 6 7 4
2 4 0.04487179487179487 7 0.00641025641025641
4 9 6 4 7
1 6 0.0033783783783783786
4 8 4 4 5
1 4 0.006134969325153374
4 8 5 6 5
1 8 0.038461538461538464
3 9 5 9
5 4 0.0048115477145148355 5 0.0016038492381716118 6 0.0032076984763432237 8 0.0008019246190858059 9 0.19246190858059342
4 7 4 7 6
2 4 0.061224489795918366 5 0.04081632653061224
2 3 8
1 3 1.0
3 4 5 8
2 4 0.007751937984496124 5 0.015503875968992248
1 8
5 4 0.05555555555555555 5 0.009259259259259259 6 0.009259259259259259 8 1.0 9 0.009259259259259259
4 5 9 7 9
1 9 0.018867924528301886
4 5 4 6 4
3 4 0.06984126984126984 5 0.022222222222222223 9 0.015873015873015872
4 5 7 4 7
2 4 0.0125 5 0.0125
4 9 6 5 4
3 4 0.0341047503045067 6 0.0036540803897685747 9 0.001218026796589525
4 5 4 4 6
3 4 0.030303030303030304 5 0.03636363636363636 6 0.012121212121212121
4 7 4 6 4
4 4 0.14492753623188406 5 0.043478260869565216 6 0.014492753623188406 7 0.014492753623188406
4 5 7 9 5
3 4 0.0058997050147492625 5 0.0029498525073746312 9 0.0029498525073746312
4 6 5 4 5
1 4 0.00392156862745098
4 9 5 8 7
1 4 0.006756756756756757
4 4 6 4 5
2 4 0.028268551236749116 9 0.014134275618374558
4 9 4 5 9
2 4 0.0037593984962406013 9 0.007518796992481203
2 8 5
1 8 0.015151515151515152
4 4 6 4 9
3 4 0.0032258064516129032 6 0.0064516129032258064 9 0.02258064516129032
4 9 7 9 9
1 9 0.017241379310344827
4 5 7 5 7
1 5 0.09090909090909091
4 9 7 5 4
3 4 0.02349869451697128 5 0.0026109660574412533 6 0.0026109660574412533
3 7 4 6
1 4 0.038461538461538464
4 6 5 5 4
3 4 0.11333333333333334 5 0.06666666666666667 6 0.02
4 4 4 7 9
3 4 0.0018656716417910447 7 0.0018656716417910447 9 0.007462686567164179
4 6 5 4 7
3 4 0.012195121951219513 5 0.03658536585365854 6 0.024390243902439025
4 5 8 4 7
2 4 0.030303030303030304 5 0.06060606060606061
4 8 4 5 4
1 4 0.005714285714285714
4 7 5 6 6
2 4 0.16666666666666666 5 0.16666666666666666
3 6 5 7
2 5 0.03076923076923077 6 0.03076923076923077
4 4 9 7 9
2 6 0.005917159763313609 9 0.01775147928994083
4 4 5 4 4
5 4 0.11570247933884298 5 0.006198347107438017 6 0.0030991735537190084 7 0.0010330578512396695 9 0.003615702479338843
2 4 7
5 4 0.06557377049180328 5 0.0273224043715847 6 0.00546448087431694 7 0.02185792349726776 9 0.01092896174863388
3 8 6 8
1 4 0.043478260869565216
3 3 9 7
1 3 0.5
4 4 9 9 5
4 4 0.009064688916357644 5 0.0012360939431396785 6 0.003708281829419036 9 0.006180469715698393
4 5 5 9 5
2 4 0.0014749262536873156 5 0.0058997050147492625
2 5 6
3 4 0.07142857142857142 5 0.04285714285714286 6 0.02857142857142857
3 6 5 8
1 5 0.03571428571428571
4 9 9 6 8
1 6 0.3333333333333333
4 3 5 9 5
1 3 0.08333333333333333
4 9 9 9 5
3 6 0.0005614823133071309 8 0.0005614823133071309 9 0.0028074115665356544
4 9 4 6 7
3 4 0.004975124378109453 7 0.004975124378109453 9 0.004975124378109453
4 8 7 9 5
2 4 0.0038022813688212928 9 0.0038022813688212928
4 5 7 6 9
3 5 0.08888888888888889 6 0.022222222222222223 9 0.044444444444444446
4 5 4 3 7
1 3 0.16666666666666666
4 6 4 4 5
2 4 0.0047169811320754715 6 0.0047169811320754715
4 5 4 4 4
5 4 0.0718132854578097 5 0.02872531418312388 6 0.004488330341113106 7 0.004488330341113106 9 0.003590664272890485
2 6 5
3 4 0.012987012987012988 5 0.008658008658008658 6 0.004329004329004329
4 9 7 5 7
1 7 0.01639344262295082
4 8 9 7 9
1 8 0.08333333333333333
4 7 3 9 5
1 3 0.041666666666666664
3 6 4 7
3 4 0.0273972602739726 5 0.0410958904109589 6 0.0273972602739726
4 8 9 9 9
1 9 0.058823529411764705
4 4 4 9 3
1 3 0.009362200117027502
4 4 9 9 8
1 7 0.07142857142857142
4 7 9 7 5
2 4 0.058823529411764705 7 0.029411764705882353
4 7 4 9 4
4 4 0.12121212121212122 5 0.007575757575757576 6 0.015151515151515152 7 0.015151515151515152
2 3 9
1 3 0.39285714285714285
4 7 4 5 9
3 4 0.024390243902439025 5 0.04878048780487805 6 0.024390243902439025
4 9 4 8 4
2 4 0.006622516556291391 9 0.006622516556291391
4 7 8 4 7
1 4 1.0
4 5 4 8 9
2 4 0.03571428571428571 5 0.03571428571428571
4 9 6 5 5
1 4 0.0026246719160104987
4 9 5 4 7
3 4 0.010978956999085087 7 0.0036596523330283625 9 0.0027447392497712718
3 7 9 6
1 9 0.0625
4 8 8 9 9
1 9 0.05263157894736842
3 8 9 9
1 9 0.08333333333333333
4 5 7 4 9
4 4 0.011494252873563218 5 0.10344827586206896 7 0.011494252873563218 9 0.022988505747126436
4 4 4 7 7
3 5 0.013888888888888888 6 0.013888888888888888 9 0.013888888888888888
4 4 6 5 9
1 9 0.03571428571428571
4 4 6 9 9
1 9 0.02040816326530612
4 5 6 7 8
2 4 0.1 5 0.1
4 4 4 4 8
1 5 0.0017730496453900709
3 4 9 7
5 4 0.025806451612903226 5 0.0064516129032258064 6 0.012903225806451613 7 0.01935483870967742 9 0.01935483870967742
3 9 7 5
4 4 0.005194805194805195 5 0.0025974025974025974 7 0.0025974025974025974 8 0.005194805194805195
2 7 6
3 4 0.06666666666666667 7 0.016666666666666666 8 0.016666666666666666
3 9 9 4
2 4 0.09019607843137255 9 0.011764705882352941
4 9 6 9 5
3 4 0.007680491551459293 6 0.007680491551459293 9 0.0030721966205837174
3 9 4 6
3 4 0.006993006993006993 5 0.006993006993006993 9 0.006993006993006993
4 4 7 9 6
4 4 0.030534351145038167 5 0.015267175572519083 6 0.007633587786259542 9 0.030534351145038167
4 4 9 6 5
5 4 0.014 5 0.002 6 0.002 7 0.004 9 0.01
4 6 7 4 6
2 6 0.024390243902439025 9 0.04878048780487805
3 6 5 6
1 4 0.1282051282051282
4 8 8 4 4
1 4 0.019230769230769232
4 7 8 8 9
1 9 0.5
4 4 4 4 4
5 4 0.08043940467753366 5 0.006024096385542169 6 0.007087172218284905 7 0.0010630758327427356 9 0.006024096385542169
3 8 8 4
1 4 0.058823529411764705
4 9 7 4 4
3 4 0.051188299817184646 6 0.009140767824497258 9 0.003656307129798903
4 7 5 9 5
1 4 0.006060606060606061
4 6 5 6 5
1 4 0.014492753623188406
4 5 5 8 9
2 5 0.05 9 0.05
4 4 5 4 5
2 4 0.004103967168262654 6 0.0013679890560875513
4 9 4 9 5
4 4 0.003232758620689655 6 0.0014367816091954023 8 0.00035919540229885057 9 0.0007183908045977011
4 7 3 8 8
1 3 0.5
4 4 4 7 6
4 4 0.04591836734693877 5 0.006802721088435374 6 0.01020408163265306 9 0.0017006802721088435
1 3
1 3 1.0
3 9 4 4
6 4 0.08010335917312661 5 0.0008613264427217916 6 0.0034453057708871662 7 0.0008613264427217916 8 0.0008613264427217916 9 0.002583979328165375
3 7 4 8
1 7 0.05714285714285714
4 7 9 5 7
1 4 0.01694915254237288
3 4 5 4
5 4 0.19360269360269358 5 0.011784511784511785 6 0.004208754208754209 7 0.0008417508417508417 9 0.022727272727272728
4 5 9 4 5
2 5 0.003436426116838488 9 0.003436426116838488
4 7 9 6 9
1 9 0.11538461538461539
4 9 6 5 6
1 4 0.03305785123966942
4 4 9 4 7
4 4 0.030303030303030304 5 0.006060606060606061 6 0.00909090909090909 7 0.006060606060606061
4 9 5 6 6
1 4 0.009433962264150943
4 5 9 7 6
1 4 0.0625
4 9 4 4 4
6 4 0.039980009995002494 5 0.0014992503748125937 6 0.00399800099950025 7 0.0009995002498750624 8 0.0004997501249375312 9 0.0014992503748125937
4 9 4 7 4
3 4 0.06343283582089553 6 0.0018656716417910447 8 0.0018656716417910447
4 5 4 7 4
3 4 0.08389261744966443 5 0.030201342281879193 9 0.016778523489932886
4 6 5 8 6
1 4 0.16666666666666666
4 5 7 6 7
2 4 0.01639344262295082 5 0.04918032786885246
4 5 4 4 3
1 3 0.03409090909090909
3 8 5 9
1 6 0.043478260869565216
3 9 5 5
4 4 0.002168609379235565 5 0.00623475196530225 7 0.0008132285172133369 8 0.0016264570344266737
4 5 4 5 4
3 4 0.05997001499250375 5 0.026986506746626684 9 0.0014992503748125937
3 6 9 5
3 4 0.024305555555555552 6 0.041666666666666664 9 0.013888888888888888
4 4 4 4 5
4 4 0.009267431597528686 5 0.001323918799646955 6 0.00088261253309797 9 0.00176522506619594
4 9 4 4 9
3 4 0.0033444816053511705 6 0.0033444816053511705 9 0.006688963210702341
4 7 9 8 8
1 5 0.5
3 7 3 6
1 3 0.5
3 7 8 7
1 7 0.5
3 4 8 9
2 4 0.029411764705882353 9 0.058823529411764705
4 9 5 8 8
3 5 0.008695652173913044 8 0.004347826086956522 9 0.004347826086956522
4 7 7 4 6
1 9 0.3333333333333333
2 9 6
3 4 0.025423728813559324 6 0.01694915254237288 9 0.01694915254237288
4 5 6 4 7
2 4 0.015384615384615385 5 0.046153846153846156
4 9 5 5 8
3 4 0.00851063829787234 5 0.002127659574468085 8 0.002127659574468085
4 7 5 8 4
1 5 0.16666666666666666
4 3 5 5 9
1 3 0.21739130434782608
3 7 6 4
4 4 0.10071942446043167 5 0.02158273381294964 6 0.007194244604316547 7 0.014388489208633094
3 5 9 9
2 6 0.007575757575757576 9 0.2878787878787879
3 9 7 4
2 4 0.056338028169014086 6 0.007042253521126761
4 9 5 8 5
1 7 0.007326007326007326
2 3 5
1 3 0.375
4 7 4 6 5
3 4 0.014285714285714285 6 0.014285714285714285 7 0.014285714285714285
4 6 4 6 9
1 4 0.030303030303030304
4 5 4 3 8
1 3 0.3333333333333333
4 4 9 4 8
1 6 0.0038022813688212928
4 6 5 9 4
3 4 0.047619047619047616 5 0.023809523809523808 6 0.047619047619047616
4 7 9 3 5
1 3 0.01834862385321101
4 9 4 5 4
6 4 0.06008146639511201 5 0.0010183299389002036 6 0.0010183299389002036 7 0.0010183299389002036 8 0.003054989816700611 9 0.0010183299389002036
4 5 8 9 3
1 3 0.19047619047619047
4 4 5 4 9
5 4 0.0196319018404908 5 0.003680981595092025 6 0.006134969325153374 7 0.00245398773006135 9 0.018404907975460124
4 4 6 6 4
1 4 0.0819672131147541
3 6 3 9
1 3 0.08333333333333333
4 7 3 5 5
1 3 0.07692307692307693
4 5 5 5 9
2 4 0.020833333333333332 5 0.020833333333333332
4 6 4 6 7
4 4 0.030303030303030304 5 0.015151515151515152 7 0.015151515151515152 9 0.015151515151515152
4 7 6 6 4
2 4 0.1875 7 0.0625
3 6 4 9
3 4 0.037037037037037035 6 0.018518518518518517 9 0.009259259259259259
4 4 8 9 6
1 4 0.07142857142857142
